14
17
28
26
24
26
17
13
10
2
3
8
21
20
24
17
7
23
17
12
369
568
430
783
531
1863
1124
68
1136
930
2803
2023
2059
2070
1168
1394
1457
2012
1043
2230
3377374
19484422
24544920
8413785
6898538
24575199
16345859
29798316
28664371
19566414
4803527
22776092
14268981
21759957
29241874
17806863
12999171
22906997
15497282
1702306
252035749480737
50882951592568
260781526753277
499657873729403
398775315253057
273299993783818
73960816031096
452719800311671
227009747433391
11036343162032
6346021845365
58720166720646
284635052641804
217587146474550
443856749220373
737543345194511
28302059049985
166793428361948
579165305602861
115633678605940
4524693705171377
116516042501737
231669893499987
3131709284150873
677885735987863
275368344378007
567172746315059
256739963942393
205901213795488
771745142725684
23569178015573
1165736594322320
3589675252146799
704869463933884
187114361292017
775327830316228
1246193590755167
735298346698759
4395470085424241
3659707955798852
